12.jpg 1 580 460 60 60
13.jpg 1 894 704 60 60
14.jpg 1 751 299 60 60
15.jpg 1 681 441 60 60
16.jpg 1 742 566 60 60
17.jpg 1 934 777 60 60
18.jpg 1 1049 647 60 60
19.jpg 1 1129 586 60 60
20.jpg 1 1118 510 60 60
21.jpg 1 1089 303 60 60
22.jpg 1 894 239 60 60
23.jpg 1 580 460 60 60
24.jpg 1 894 704 60 60
25.jpg 1 751 299 60 60
26.jpg 1 681 441 60 60
27.jpg 1 742 566 60 60
28.jpg 1 934 777 60 60
29.jpg 1 1049 647 60 60
30.jpg 1 1129 586 60 60
31.jpg 1 1118 510 60 60
32.jpg 1 1089 303 60 60
33.jpg 1 894 239 60 60
34.jpg 1 580 460 60 60
35.jpg 1 894 704 60 60
36.jpg 1 751 299 60 60
37.jpg 1 681 441 60 60
38.jpg 1 742 566 60 60
39.jpg 1 934 777 60 60
40.jpg 1 1049 647 60 60
41.jpg 1 1129 586 60 60
42.jpg 1 1118 510 60 60
43.jpg 1 1089 303 60 60
44.jpg 1 894 239 60 60
45.jpg 1 580 460 60 60
46.jpg 1 894 704 60 60
47.jpg 1 751 299 60 60
48.jpg 1 681 441 60 60
49.jpg 1 742 566 60 60
50.jpg 1 934 777 60 60
51.jpg 1 1049 647 60 60
52.jpg 1 1129 586 60 60
53.jpg 1 1118 510 60 60
54.jpg 1 1089 303 60 60
55.jpg 1 894 239 60 60
56.jpg 1 580 460 60 60
57.jpg 1 894 704 60 60
58.jpg 1 751 299 60 60
59.jpg 1 681 441 60 60
60.jpg 1 742 566 60 60
61.jpg 1 934 777 60 60
62.jpg 1 1049 647 60 60
63.jpg 1 1129 586 60 60
64.jpg 1 1118 510 60 60
65.jpg 1 1089 303 60 60
66.jpg 1 894 239 60 60
67.jpg 1 580 460 60 60
68.jpg 1 894 704 60 60
69.jpg 1 751 299 60 60
70.jpg 1 681 441 60 60
71.jpg 1 742 566 60 60
72.jpg 1 934 777 60 60
73.jpg 1 1049 647 60 60
74.jpg 1 1129 586 60 60
75.jpg 1 1118 510 60 60
76.jpg 1 1089 303 60 60
77.jpg 1 894 239 60 60
78.jpg 1 580 460 60 60
79.jpg 1 894 704 60 60
80.jpg 1 751 299 60 60
81.jpg 1 681 441 60 60
82.jpg 1 742 566 60 60
83.jpg 1 934 777 60 60
84.jpg 1 1049 647 60 60
85.jpg 1 1129 586 60 60
86.jpg 1 1118 510 60 60
87.jpg 1 1089 303 60 60
88.jpg 1 894 239 60 60
89.jpg 1 580 460 60 60
90.jpg 1 894 704 60 60
91.jpg 1 751 299 60 60
92.jpg 1 681 441 60 60
93.jpg 1 742 566 60 60
94.jpg 1 934 777 60 60
95.jpg 1 1049 647 60 60
96.jpg 1 1129 586 60 60
97.jpg 1 1118 510 60 60
98.jpg 1 1089 303 60 60
99.jpg 1 894 239 60 60
100.jpg 1 580 460 60 60
101.jpg 1 894 704 60 60
102.jpg 1 751 299 60 60
103.jpg 1 681 441 60 60
104.jpg 1 742 566 60 60
105.jpg 1 934 777 60 60
106.jpg 1 1049 647 60 60
107.jpg 1 1129 586 60 60
108.jpg 1 1118 510 60 60
109.jpg 1 1089 303 60 60
110.jpg 1 894 239 60 60
111.jpg 1 580 460 60 60
112.jpg 1 894 704 60 60
113.jpg 1 751 299 60 60
114.jpg 1 681 441 60 60
115.jpg 1 742 566 60 60
116.jpg 1 934 777 60 60
117.jpg 1 1049 647 60 60
118.jpg 1 1129 586 60 60
119.jpg 1 1118 510 60 60
120.jpg 1 1089 303 60 60
121.jpg 1 894 239 60 60
122.jpg 1 580 460 60 60
123.jpg 1 894 704 60 60
124.jpg 1 751 299 60 60
125.jpg 1 681 441 60 60
126.jpg 1 742 566 60 60
127.jpg 1 934 777 60 60
128.jpg 1 1049 647 60 60
129.jpg 1 1129 586 60 60
130.jpg 1 1118 510 60 60
131.jpg 1 1089 303 60 60
132.jpg 1 894 239 60 60
133.jpg 1 580 460 60 60
134.jpg 1 894 704 60 60
135.jpg 1 751 299 60 60
136.jpg 1 681 441 60 60
137.jpg 1 742 566 60 60
138.jpg 1 934 777 60 60
139.jpg 1 1049 647 60 60
140.jpg 1 1129 586 60 60
141.jpg 1 1118 510 60 60
142.jpg 1 1089 303 60 60
143.jpg 1 894 239 60 60
144.jpg 1 580 460 60 60
145.jpg 1 894 704 60 60
146.jpg 1 751 299 60 60
147.jpg 1 681 441 60 60
148.jpg 1 742 566 60 60
149.jpg 1 934 777 60 60
150.jpg 1 1049 647 60 60
151.jpg 1 1129 586 60 60
152.jpg 1 1118 510 60 60
153.jpg 1 1089 303 60 60
154.jpg 1 894 239 60 60
155.jpg 1 580 460 60 60
156.jpg 1 894 704 60 60
157.jpg 1 751 299 60 60
158.jpg 1 681 441 60 60
159.jpg 1 742 566 60 60
160.jpg 1 934 777 60 60
161.jpg 1 1049 647 60 60
162.jpg 1 1129 586 60 60
163.jpg 1 1118 510 60 60
164.jpg 1 1089 303 60 60
165.jpg 1 894 239 60 60
166.jpg 1 580 460 60 60
167.jpg 1 894 704 60 60
168.jpg 1 751 299 60 60
169.jpg 1 681 441 60 60
170.jpg 1 742 566 60 60
171.jpg 1 934 777 60 60
172.jpg 1 1049 647 60 60
173.jpg 1 1129 586 60 60
174.jpg 1 1118 510 60 60
175.jpg 1 1089 303 60 60
176.jpg 1 894 239 60 60
177.jpg 1 580 460 60 60
178.jpg 1 894 704 60 60
179.jpg 1 751 299 60 60
180.jpg 1 681 441 60 60
181.jpg 1 742 566 60 60
182.jpg 1 934 777 60 60
183.jpg 1 1049 647 60 60
184.jpg 1 1129 586 60 60
185.jpg 1 1118 510 60 60
186.jpg 1 1089 303 60 60
187.jpg 1 894 239 60 60
188.jpg 1 580 460 60 60
189.jpg 1 894 704 60 60
190.jpg 1 751 299 60 60
191.jpg 1 681 441 60 60
